http_code=000
remote_ip=76.223.105.230
time_namelookup=0.003012
time_connect=0.100676
time_appconnect=0.000000
time_starttransfer=0.000000
time_total=0.279444
