http_code=200
remote_ip=216.24.57.251
time_namelookup=0.007652
time_connect=0.115501
time_appconnect=0.248301
time_starttransfer=0.544090
time_total=0.544770
